Number of games: 201791204
Total moves: 6924904631
Black Board
2221319, 10885412, 25076595, 12593626, 125040004, 20358008, 116613633, 23716503
2987605, 7200456, 11784456, 20513993, 24754444, 29993568, 33016965, 21889817
2264004, 5985520, 8026657, 10670785, 12719655, 15408664, 14782732, 8160595
1613928, 3537559, 4737672, 5260048, 6516302, 7909244, 7198420, 3703986
1081035, 2442458, 2899011, 3002692, 3435895, 3711918, 3595961, 1799581
807366, 1737632, 1856966, 1900466, 1773707, 1952495, 1847657, 926953
611483, 1282664, 1196987, 1012327, 1027261, 1025317, 1047108, 535342
235154, 500739, 397287, 341521, 333804, 361435, 412505, 205860
White Board
189661, 404910, 337312, 297404, 307961, 344650, 434310, 214692
464777, 1038618, 985140, 897673, 922758, 983186, 1044210, 536097
675536, 1456536, 1625382, 1688491, 1668894, 1819598, 1782986, 916041
904286, 2122503, 2494657, 2655372, 3105015, 3327393, 3402993, 1679166
1324745, 2999691, 4087650, 4771797, 6132884, 7375295, 6890659, 3405264
1836314, 4910968, 6449946, 9414862, 11976145, 13839241, 13959916, 6883487
2397815, 5718173, 9465400, 15642723, 19712080, 22917590, 25512395, 19484908
1807012, 8979886, 19984633, 9049540, 83138298, 17185323, 95236624, 19987038
White Win: 29659680
Black Win: 22825823
Draw Win: 149305701
White Checkmate: 59744990
Black Checkmate: 84409485
Black Capture
5950095, 4012465, 7594044, 17932267, 10618895, 12033463, 3211714, 3392003
3869591, 6821873, 7536802, 19686321, 20848091, 16836779, 11576637, 4966953
7453353, 13303222, 43732818, 29536278, 30408337, 53360270, 21901071, 11022917
8689309, 26630391, 35229454, 105152705, 96538141, 35920971, 34121413, 11554792
14285753, 29463356, 46219202, 115863335, 85358045, 41131162, 32697922, 16820030
14688591, 20443835, 55630349, 31297116, 30842571, 58830596, 24761070, 18073350
18684670, 29262260, 20447777, 19035930, 19344778, 25857628, 20195619, 12156018
11100051, 5180444, 9258787, 19476908, 12319715, 12891447, 3368686, 5697856
White Capture
11951873, 5359786, 9623627, 20958214, 12792674, 14614155, 4385788, 7641888
18312184, 26784157, 20322621, 23057859, 25494052, 33862129, 24073871, 15530311
16803679, 18844520, 58273354, 37398062, 41350947, 63039896, 30785445, 21054557
13896293, 32710536, 42694496, 118484833, 104622144, 41235475, 34686374, 17020640
9337842, 25035252, 38305460, 97169062, 70076907, 33203128, 30212388, 10540660
6827717, 14874556, 40028274, 25560814, 24655914, 49189239, 18148227, 8817767
3656693, 6582973, 7446561, 16681828, 16840394, 12234149, 8256785, 4026999
5748415, 3920645, 7376906, 16727062, 10087531, 10753363, 2613261, 2819189
White Promotion
3061951, 2372639, 2182739, 1899128, 1675577, 1903613, 2073052, 2554048
Black Promotion
3127630, 2371839, 2130454, 1856912, 1610305, 1744948, 1869606, 2267484
High Number of games: 29051283
High Total moves: 1115859436
High Black Board
304130, 1305052, 2412780, 1287576, 12300921, 3209241, 18395480, 3999992
390813, 842075, 1485899, 2240227, 3265305, 4302343, 6170162, 3960942
246764, 692997, 999852, 1511832, 1919773, 2526987, 2338801, 1309854
171678, 412578, 629471, 803680, 1079906, 1231366, 1057225, 502786
121830, 297812, 395198, 451545, 537579, 569535, 513381, 238624
98198, 237978, 262722, 277838, 281277, 307966, 292030, 125823
78919, 170921, 165453, 143636, 147533, 160840, 160022, 75844
33723, 71168, 55825, 47244, 49299, 56284, 64715, 31678
High White Board
27555, 59367, 49207, 42847, 45362, 52718, 66322, 32401
62497, 146728, 146201, 131838, 135723, 152551, 157689, 79056
85094, 214196, 240467, 257440, 260787, 289847, 279146, 128912
109754, 277832, 362974, 406802, 487694, 508654, 498753, 226963
149765, 378087, 578025, 771928, 1037438, 1179314, 1022409, 477703
220341, 605460, 870382, 1429079, 1921685, 2284306, 2281600, 1118345
362746, 787575, 1248184, 1817720, 2508745, 3485575, 4608576, 3616263
312172, 1526992, 2377220, 914349, 8343802, 2444886, 14770871, 3302109
High White Win: 5194940
High Black Win: 3758872
High Draw Win: 20097471
High White Checkmate: 0
High Black Checkmate: 0
High Black Capture
304130, 1305052, 2412780, 1287576, 12300921, 3209241, 18395480, 3999992
390813, 842075, 1485899, 2240227, 3265305, 4302343, 6170162, 3960942
246764, 692997, 999852, 1511832, 1919773, 2526987, 2338801, 1309854
171678, 412578, 629471, 803680, 1079906, 1231366, 1057225, 502786
121830, 297812, 395198, 451545, 537579, 569535, 513381, 238624
98198, 237978, 262722, 277838, 281277, 307966, 292030, 125823
78919, 170921, 165453, 143636, 147533, 160840, 160022, 75844
33723, 71168, 55825, 47244, 49299, 56284, 64715, 31678
High White Capture
1371403, 777589, 1783654, 2984538, 1865081, 2175578, 471181, 689796
2447086, 3927451, 2164889, 3273281, 3731141, 4403203, 3719278, 1996517
2621164, 3197735, 7909751, 5874346, 6330573, 9189087, 5442237, 2838997
2202247, 5366951, 7258561, 18347268, 14846556, 7168448, 5234049, 2810760
1593390, 4141404, 6433959, 15975829, 11663913, 5600582, 4517206, 1726588
1083706, 2614271, 6278727, 4296096, 3885334, 6675053, 3006495, 1181266
554884, 1131386, 1206438, 2554449, 2451391, 1720230, 1577150, 557406
830309, 602378, 1401144, 2444469, 1495015, 1616358, 353500, 398740
High White Promotion
411472, 352697, 325043, 311236, 268443, 289435, 303073, 353065
High Black Promotion
417138, 344508, 297781, 279133, 257818, 263695, 262786, 294491
